fx: 500.0  
fy: 500.0  
cx: 320.0  
cy: 240.0  
k1: 0.1    
k2: -0.2   
k3: 0.0   
p1: 0.01   
p2: -0.02  
width: 640 
height: 480 